500 501
1000 1
499 502
999 2
498 503
998 3
497 504
997 4
496 505
996 5
495 506
995 6
494 507
994 7
493 508
993 8
492 509
992 9
491 510
991 10
490 511
990 11
489 512
989 12
488 513
988 13
487 514
987 14
486 515
986 15
485 516
985 16
484 517
984 17
483 518
983 18
482 519
982 19
481 520
981 20
480 521
980 21
479 522
979 22
478 523
978 23
477 524
977 24
476 525
976 25
475 526
975 26
474 527
974 27
473 528
973 28
472 529
972 29
471 530
971 30
470 531
970 31
469 532
969 32
468 533
968 33
467 534
967 34
466 535
966 35
465 536
965 36
464 537
964 37
463 538
963 38
462 539
962 39
461 540
961 40
460 541
960 41
459 542
959 42
458 543
958 43
457 544
957 44
456 545
956 45
455 546
955 46
454 547
954 47
453 548
953 48
452 549
952 49
451 550
951 50
450 551
950 51
449 552
949 52
448 553
948 53
447 554
947 54
446 555
946 55
445 556
945 56
444 557
944 57
443 558
943 58
442 559
942 59
441 560
941 60
440 561
940 61
439 562
939 62
438 563
938 63
437 564
937 64
436 565
936 65
435 566
935 66
434 567
934 67
433 568
933 68
432 569
932 69
431 570
931 70
430 571
930 71
429 572
929 72
428 573
928 73
427 574
927 74
426 575
926 75
425 576
925 76
424 577
924 77
423 578
923 78
422 579
922 79
421 580
921 80
420 581
920 81
419 582
919 82
418 583
918 83
417 584
917 84
416 585
916 85
415 586
915 86
414 587
914 87
413 588
913 88
412 589
912 89
411 590
911 90
410 591
910 91
409 592
909 92
408 593
908 93
407 594
907 94
406 595
906 95
405 596
905 96
404 597
904 97
403 598
903 98
402 599
902 99
401 600
400 601
399 602
398 603
397 604
396 605
395 606
394 607
393 608
392 609
391 610
390 611
389 612
388 613
387 614
386 615
385 616
384 617
383 618
382 619
381 620
380 621
379 622
378 623
377 624
376 625
375 626
374 627
373 628
372 629
371 630
370 631
369 632
368 633
367 634
366 635
365 636
364 637
363 638
362 639
361 640
360 641
359 642
358 643
357 644
356 645
355 646
354 647
353 648
352 649
351 650
350 651
349 652
348 653
347 654
346 655
345 656
344 657
343 658
342 659
341 660
340 661
339 662
338 663
337 664
336 665
335 666
334 667
333 668
332 669
331 670
330 671
329 672
328 673
327 674
326 675
325 676
324 677
323 678
322 679
321 680
320 681
319 682
318 683
317 684
316 685
315 686
314 687
313 688
312 689
311 690
310 691
309 692
308 693
307 694
306 695
305 696
304 697
303 698
302 699
301 700
300 701
299 702
298 703
297 704
296 705
295 706
294 707
293 708
292 709
291 710
290 711
289 712
288 713
287 714
286 715
285 716
284 717
283 718
282 719
281 720
280 721
279 722
278 723
277 724
276 725
275 726
274 727
273 728
272 729
271 730
270 731
269 732
268 733
267 734
266 735
265 736
264 737
263 738
262 739
261 740
260 741
259 742
258 743
257 744
256 745
255 746
254 747
253 748
252 749
251 750
250 751
249 752
248 753
247 754
246 755
245 756
244 757
243 758
242 759
241 760
240 761
239 762
238 763
237 764
236 765
235 766
234 767
233 768
232 769
231 770
230 771
229 772
228 773
227 774
226 775
225 776
224 777
223 778
222 779
221 780
220 781
219 782
218 783
217 784
216 785
215 786
214 787
213 788
212 789
211 790
210 791
209 792
208 793
207 794
206 795
205 796
204 797
203 798
202 799
201 800
200 801
199 802
198 803
197 804
196 805
195 806
194 807
193 808
192 809
191 810
190 811
189 812
188 813
187 814
186 815
185 816
184 817
183 818
182 819
181 820
180 821
179 822
178 823
177 824
176 825
175 826
174 827
173 828
172 829
171 830
170 831
169 832
168 833
167 834
166 835
165 836
164 837
163 838
162 839
161 840
160 841
159 842
158 843
157 844
156 845
155 846
154 847
153 848
152 849
151 850
150 851
149 852
148 853
147 854
146 855
145 856
144 857
143 858
142 859
141 860
140 861
139 862
138 863
137 864
136 865
135 866
134 867
133 868
132 869
131 870
130 871
129 872
128 873
127 874
126 875
125 876
124 877
123 878
122 879
121 880
120 881
119 882
118 883
117 884
116 885
115 886
114 887
113 888
112 889
111 890
110 891
109 892
108 893
107 894
106 895
105 896
104 897
103 898
102 899
101 900
100 901
