2 3
1 4
6 7
19 20
21 22
24 25
28 29
27 30
11 12
31 32
16 17
26 33
36 37
15 18
38 39
43 44
42 45
35 40
50 51
52 53
54 55
47 48
46 49
41 56
57 58
59 60
34 61
63 64
71 72
70 73
77 78
67 68
86 87
79 80
88 89
97 98
96 99
102 103
81 82
104 105
106 107
101 108
100 109
95 110
111 112
94 113
114 115
84 85
117 118
119 120
93 116
121 122
92 123
124 125
128 129
91 126
90 127
83 130
76 131
75 132
74 133
69 134
135 136
137 138
140 141
139 142
144 145
66 143
65 146
148 149
150 151
154 155
157 158
153 156
160 161
152 159
162 163
147 164
62 165
166 167
168 169
23 170
172 173
182 183
181 184
180 185
187 188
186 189
179 190
171 174
194 195
175 176
196 197
178 191
207 208
209 210
214 215
213 216
212 217
211 218
206 219
198 199
221 222
202 203
224 225
228 229
227 230
204 205
234 235
201 220
237 238
236 239
233 240
232 241
223 226
200 231
193 242
243 244
252 253
248 249
251 254
247 250
246 255
256 257
259 260
265 266
264 267
268 269
263 270
262 271
261 272
274 275
277 278
273 276
282 283
290 291
279 280
298 299
300 301
285 286
310 311
287 288
313 314
315 316
317 318
312 319
321 322
325 326
327 328
292 293
330 331
289 294
334 335
297 302
333 336
332 337
329 338
324 339
323 340
320 341
305 306
304 307
303 308
296 309
295 342
343 344
345 346
284 347
281 348
258 349
245 350
351 352
356 357
358 359
361 362
367 368
370 371
373 374
376 377
378 379
375 380
355 360
383 384
388 389
354 363
390 391
395 396
397 398
405 406
364 365
409 410
366 369
408 411
414 415
417 418
416 419
420 421
381 382
413 422
424 425
426 427
430 431
387 392
429 432
428 433
434 435
437 438
439 440
436 441
393 394
443 444
404 407
452 453
442 445
455 456
423 446
454 457
461 462
460 463
459 464
450 451
465 466
458 467
472 473
471 474
470 475
449 468
448 469
447 476
412 477
480 481
478 479
482 483
403 484
402 485
488 489
497 498
502 503
507 508
506 509
513 514
486 487
512 515
511 516
510 517
401 490
505 518
504 519
520 521
493 494
492 495
491 496
400 499
399 500
386 501
523 524
522 525
385 526
372 527
529 530
531 532
528 533
534 535
353 536
192 537
538 539
540 541
543 544
547 548
542 545
177 546
14 549
551 552
553 554
550 555
560 561
557 558
563 564
559 562
565 566
567 568
569 570
571 572
574 575
577 578
583 584
582 585
573 576
588 589
590 591
592 593
596 597
600 601
599 602
598 603
604 605
612 613
620 621
631 632
633 634
606 607
635 636
637 638
630 639
641 642
644 645
595 608
643 646
647 648
649 650
640 651
652 653
629 654
628 655
627 656
659 660
594 609
658 661
657 662
610 611
626 663
669 670
677 678
681 682
683 684
615 616
680 685
686 687
617 618
690 691
693 694
692 695
619 622
689 696
623 624
699 700
701 702
703 704
698 705
708 709
614 625
714 715
665 666
717 718
716 719
668 671
713 720
712 721
711 722
724 725
676 679
675 688
674 697
673 706
672 707
667 710
664 723
587 726
586 727
581 728
733 734
732 735
731 736
730 737
729 738
580 739
742 743
579 740
747 748
750 751
753 754
752 755
749 756
757 758
760 761
763 764
759 762
766 767
769 770
771 772
746 765
745 768
773 774
775 776
780 781
782 783
779 784
778 785
790 791
792 793
789 794
795 796
788 797
787 798
777 786
801 802
803 804
805 806
808 809
810 811
816 817
819 820
818 821
825 826
824 827
834 835
836 837
807 812
838 839
815 822
833 840
842 843
841 844
828 829
823 830
814 831
813 832
845 846
800 847
850 851
852 853
855 856
857 858
854 859
861 862
869 870
860 863
868 871
864 865
849 866
848 867
799 872
873 874
877 878
880 881
879 882
883 884
885 886
876 887
744 875
888 889
741 890
895 896
894 897
893 898
892 899
907 908
891 900
906 909
911 912
915 916
901 902
917 918
920 921
925 926
924 927
923 928
929 930
933 934
922 931
938 939
919 932
914 935
913 936
910 937
940 941
946 947
949 950
943 944
954 955
956 957
953 958
942 945
952 959
962 963
964 965
905 948
972 973
974 975
971 976
951 960
970 977
978 979
967 968
982 983
984 985
986 987
981 988
989 990
992 993
994 995
980 991
1000 5
969 996
966 997
961 998
8 9
10 13
904 999
556 903
