586 587
585 588
584 589
583 590
582 591
581 592
580 593
579 594
578 595
577 596
576 597
575 598
574 599
573 600
572 601
571 602
570 603
569 604
568 605
567 606
566 607
565 608
564 609
563 610
562 611
561 612
560 613
559 614
558 615
557 616
556 617
555 618
554 619
553 620
552 621
551 622
550 623
549 624
548 625
547 626
546 627
545 628
544 629
543 630
542 631
541 632
540 633
539 634
538 635
537 636
536 637
535 638
534 639
533 640
532 641
531 642
530 643
529 644
528 645
527 646
526 647
525 648
524 649
523 650
522 651
521 652
520 653
519 654
518 655
517 656
516 657
515 658
514 659
513 660
512 661
511 662
510 663
509 664
508 665
507 666
506 667
505 668
504 669
503 670
502 671
501 672
500 673
499 674
498 675
497 676
496 677
495 678
494 679
493 680
492 681
491 682
490 683
489 684
488 685
487 686
486 687
485 688
484 689
483 690
482 691
481 692
480 693
479 694
478 695
477 696
476 697
475 698
474 699
473 700
472 701
471 702
470 703
469 704
468 705
467 706
466 707
465 708
464 709
463 710
462 711
461 712
460 713
459 714
458 715
457 716
456 717
455 718
454 719
453 720
452 721
451 722
450 723
449 724
448 725
447 726
446 727
445 728
444 729
443 730
442 731
441 732
440 733
439 734
438 735
437 736
436 737
435 738
434 739
433 740
432 741
431 742
430 743
429 744
428 745
427 746
426 747
425 748
424 749
423 750
422 751
421 752
420 753
419 754
418 755
417 756
416 757
415 758
414 759
413 760
412 761
411 762
410 763
409 764
408 765
407 766
406 767
405 768
404 769
403 770
402 771
401 772
400 773
399 774
398 775
397 776
396 777
395 778
394 779
393 780
392 781
391 782
390 783
389 784
388 785
387 786
386 787
385 788
384 789
383 790
382 791
381 792
380 793
379 794
378 795
377 796
376 797
375 798
374 799
373 800
372 801
371 802
370 803
369 804
368 805
367 806
366 807
365 808
364 809
363 810
362 811
361 812
360 813
359 814
358 815
357 816
356 817
355 818
354 819
353 820
352 821
351 822
350 823
349 824
348 825
347 826
346 827
345 828
344 829
343 830
342 831
341 832
340 833
339 834
338 835
337 836
336 837
335 838
334 839
333 840
332 841
331 842
330 843
329 844
328 845
327 846
326 847
325 848
324 849
323 850
322 851
321 852
320 853
319 854
318 855
317 856
316 857
315 858
314 859
313 860
312 861
311 862
310 863
309 864
308 865
307 866
306 867
305 868
304 869
303 870
302 871
301 872
300 873
299 874
298 875
297 876
296 877
295 878
294 879
293 880
292 881
291 882
290 883
289 884
288 885
287 886
286 887
285 888
284 889
283 890
282 891
281 892
280 893
279 894
278 895
277 896
276 897
275 898
274 899
273 900
272 901
271 902
270 903
269 904
268 905
267 906
266 907
265 908
264 909
263 910
262 911
261 912
260 913
259 914
258 915
257 916
256 917
255 918
254 919
253 920
252 921
251 922
250 923
249 924
248 925
247 926
246 927
245 928
244 929
243 930
242 931
241 932
240 933
239 934
238 935
237 936
236 937
235 938
234 939
233 940
232 941
231 942
230 943
229 944
228 945
227 946
226 947
225 948
224 949
223 950
222 951
221 952
220 953
219 954
218 955
217 956
216 957
215 958
214 959
213 960
212 961
211 962
210 963
209 964
208 965
207 966
206 967
205 968
204 969
203 970
202 971
201 972
200 973
199 974
198 975
197 976
196 977
195 978
194 979
193 980
192 981
191 982
190 983
189 984
188 985
187 986
186 987
185 988
184 989
183 990
182 991
181 992
180 993
179 994
178 995
177 996
176 997
175 998
174 999
173 1000
172 1
171 2
170 3
169 4
168 5
167 6
166 7
165 8
164 9
163 10
162 11
161 12
160 13
159 14
158 15
157 16
156 17
155 18
154 19
153 20
152 21
151 22
150 23
149 24
148 25
147 26
146 27
145 28
144 29
143 30
142 31
141 32
140 33
139 34
138 35
137 36
136 37
135 38
134 39
133 40
132 41
131 42
130 43
129 44
128 45
127 46
126 47
125 48
124 49
123 50
122 51
121 52
120 53
119 54
118 55
117 56
116 57
115 58
114 59
113 60
112 61
111 62
110 63
109 64
108 65
107 66
106 67
105 68
104 69
103 70
102 71
101 72
100 73
99 74
98 75
97 76
96 77
95 78
94 79
93 80
92 81
91 82
90 83
89 84
88 85
86 87
