134 135
148 149
7 8
150 151
128 129
113 114
248 249
9 10
184 185
360 361
152 153
309 310
94 95
163 164
285 286
199 200
242 243
2 3
38 39
452 453
121 122
161 162
354 355
206 207
172 173
20 21
62 63
48 49
342 343
350 351
269 270
16 17
59 60
191 192
57 58
28 29
65 66
90 91
480 481
443 444
56 61
119 120
362 363
230 231
287 288
76 77
290 291
5 6
96 97
228 229
100 101
118 123
435 436
81 82
442 445
234 235
462 463
497 498
141 142
136 137
308 311
92 93
74 75
99 102
78 79
197 198
236 237
24 25
127 130
329 330
298 299
12 13
557 558
47 50
80 83
542 543
223 224
485 486
34 35
292 293
388 389
4 11
334 335
205 208
312 313
180 181
434 437
42 43
98 103
239 240
32 33
577 578
52 53
257 258
140 143
117 124
187 188
535 536
500 501
22 23
145 146
251 252
70 71
216 217
624 625
559 560
154 155
632 633
393 394
359 364
213 214
46 51
111 112
295 296
55 64
158 159
215 218
458 459
483 484
374 375
398 399
593 594
338 339
86 87
706 707
659 660
404 405
344 345
581 582
427 428
84 85
107 108
109 110
537 538
266 267
379 380
525 526
529 530
647 648
255 256
115 116
472 473
408 409
144 147
407 410
41 44
746 747
15 18
271 272
170 171
336 337
348 349
662 663
546 547
232 233
727 728
531 532
294 297
702 703
273 274
221 222
321 322
247 250
89 104
540 541
494 495
265 268
73 88
683 684
318 319
386 387
261 262
551 552
176 177
470 471
133 138
694 695
556 561
482 487
36 37
511 512
301 302
604 605
719 720
139 156
259 260
709 710
431 432
772 773
715 716
571 572
439 440
567 568
189 190
411 412
620 621
714 717
306 307
246 253
225 226
166 167
521 522
779 780
419 420
555 562
658 661
328 331
650 651
67 68
182 183
672 673
165 168
72 105
815 816
513 514
451 454
340 341
643 644
377 378
416 417
396 397
383 384
193 194
131 132
628 629
575 576
346 347
264 275
731 732
418 421
548 549
429 430
626 627
753 754
705 708
736 737
685 686
455 456
534 539
303 304
382 385
45 54
550 553
579 580
289 300
756 757
352 353
204 209
692 693
507 508
196 201
769 770
598 599
669 670
125 126
588 589
510 515
713 718
457 460
792 793
186 195
320 323
245 254
723 724
433 438
27 30
829 830
763 764
664 665
777 778
566 569
263 276
415 422
601 602
596 597
280 281
784 785
475 476
425 426
800 801
939 940
277 278
640 641
678 679
212 219
600 603
202 203
805 806
850 851
855 856
465 466
814 817
491 492
423 424
390 391
681 682
935 936
392 395
210 211
618 619
776 781
676 677
517 518
630 631
675 680
874 875
750 751
837 838
734 735
797 798
403 406
701 704
474 477
607 608
368 369
505 506
461 464
157 160
523 524
305 314
279 282
853 854
327 332
241 244
666 667
400 401
533 544
26 31
504 509
479 488
752 755
761 762
315 316
894 895
645 646
722 725
516 519
809 810
812 813
789 790
831 832
689 690
612 613
822 823
767 768
749 758
828 833
882 883
615 616
606 609
919 920
759 760
371 372
325 326
570 573
804 807
962 963
358 365
849 852
174 175
467 468
825 826
179 220
881 884
917 918
178 227
591 592
857 858
448 449
414 441
794 795
981 982
688 691
944 945
840 841
859 860
478 489
283 284
844 845
520 527
698 699
711 712
847 848
787 788
984 985
915 916
923 924
819 820
903 904
565 574
744 745
880 885
366 367
545 554
696 697
635 636
19 40
951 952
743 748
496 499
987 988
590 595
863 864
931 932
637 638
584 585
868 869
1 14
943 946
729 730
742 765
69 106
381 402
899 900
610 611
324 333
642 649
957 958
796 799
503 528
413 446
889 890
583 586
979 980
866 867
938 941
623 634
733 738
791 802
654 655
879 886
934 937
614 617
238 317
653 656
376 447
774 775
910 911
888 891
991 992
786 803
843 846
836 839
921 922
877 878
909 912
972 973
950 953
502 563
971 974
771 782
674 687
700 721
906 907
901 902
622 639
948 949
450 469
996 997
808 811
865 870
983 986
740 741
990 993
933 942
930 947
1000 169
928 929
834 835
893 896
999 356
970 975
925 926
357 370
671 726
887 892
493 564
969 976
872 873
955 956
827 842
961 964
898 905
821 824
959 960
965 966
989 994
657 668
818 861
954 967
876 897
652 739
908 913
862 871
914 927
783 968
490 587
766 977
998 373
995 978
