2700
-57297968 -51540801
-57297968 51540801
-73160100 -24230375
-2201500 -77036775
-73160100 24230375
-2201500 77036775
34310100 -69009625
34310100 69009625
-8233680 -76627135
53276912 -55687359
53276912 55687359
-61997940 -45779545
-61997940 45779545
24677380 73010535
24677380 -73010535
61167015 -46883980
61167015 46883980
-8233680 76627135
-65252460 -41007655
75825000 13786975
75825000 -13786975
-65252460 41007655
-65432737 -40719384
-35042113 68640816
8233680 76627135
-76088025 -12252500
8233680 -76627135
-7323225 -76719500
32185153 -70025904
32185153 70025904
61997940 -45779545
-65432737 40719384
61997940 45779545
-76088025 12252500
-7323225 76719500
-24677380 -73010535
-75825000 13786975
29169855 -71334640
29169855 71334640
-24677380 73010535
65252460 41007655
-35042113 -68640816
65252460 -41007655
-39565799 -66136668
-39565799 66136668
-75825000 -13786975
-11786905 -76161540
-11786905 76161540
53857089 -55126448
53857089 55126448
-43989855 -63280360
-43989855 63280360
11218215 76247380
7323225 -76719500
-50372868 58327399
-23683737 -73338884
11218215 -76247380
7323225 76719500
-72242625 -26842400
-50372868 -58327399
-23683737 73338884
56752188 -52141159
56752188 52141159
39565799 -66136668
39565799 66136668
-75331815 -16267420
61654580 46240935
61654580 -46240935
-75331815 16267420
73160100 -24230375
18412680 74836385
2201500 -77036775
73160100 24230375
18412680 -74836385
2201500 77036775
43989855 63280360
43989855 -63280360
72242625 26842400
72242625 -26842400
-53276912 -55687359
50372868 58327399
50372868 -58327399
-53276912 55687359
-69009625 34310100
-56752188 -52141159
-56752188 52141159
-61167015 -46883980
-69009625 -34310100
-72242625 26842400
-61167015 46883980
-61654580 46240935
-61654580 -46240935
12015980 76125735
12015980 -76125735
-43602000 63548225
25982695 72556260
75102119 -17296908
25982695 -72556260
75102119 17296908
-43602000 -63548225
-50931775 57840000
-73392400 -23517375
-50931775 -57840000
-73392400 23517375
-12015980 76125735
-76791975 6519500
51414000 -57411775
72440927 26302536
-76791975 -6519500
-53857089 -55126448
51414000 57411775
72440927 -26302536
-12015980 -76125735
23683737 -73338884
23683737 73338884
43602000 -63548225
43602000 63548225
73392400 23517375
73392400 -23517375
50931775 -57840000
50931775 57840000
75867480 13551265
75867480 -13551265
-53857089 55126448
75331815 16267420
75331815 -16267420
-72440927 26302536
65432737 -40719384
-72440927 -26302536
-51414000 -57411775
65432737 40719384
-18475548 -74820889
-63449191 -43745988
-63449191 43745988
-18475548 74820889
76088025 -12252500
76088025 12252500
-32185153 -70025904
62473895 -45127860
62473895 45127860
-32185153 70025904
-75867480 -13551265
3278015 76998480
3278015 -76998480
-75867480 13551265
-12282816 76083137
71894836 27760473
11786905 76161540
71894836 -27760473
-12282816 -76083137
11786905 -76161540
-51414000 57411775
63449191 -43745988
-34310100 69009625
18475548 74820889
63449191 43745988
18475548 -74820889
-34310100 -69009625
-25982695 -72556260
-75102119 -17296908
-75102119 17296908
-25982695 72556260
-62473895 -45127860
-62473895 45127860
-3278015 -76998480
-3278015 76998480
-71894836 27760473
-71894836 -27760473
-76338585 10579780
-74126780 -21088665
-76338585 -10579780
-74126780 21088665
72578064 -25921727
72578064 25921727
-18674956 74771367
23359960 -73442655
-61352031 -46641608
23359960 73442655
-18674956 -74771367
-4084080 -76959935
-61352031 46641608
-9035585 -76536720
-60308520 47983265
-9035585 76536720
-60308520 -47983265
-4084080 76959935
-2776332 -77018201
-2776332 77018201
-2026808 77041569
-2026808 -77041569
-16267420 75331815
-73442655 -23359960
-73442655 23359960
-27059617 72161544
-16267420 -75331815
-72578064 -25921727
-27059617 -72161544
-75436192 -15776319
9035585 76536720
9035585 -76536720
60308520 47983265
60308520 -47983265
67759705 -36716940
-72578064 25921727
67759705 36716940
64230488 -42590559
2026808 -77041569
64230488 42590559
2026808 77041569
73442655 -23359960
73442655 23359960
76791975 6519500
76791975 -6519500
77009500 3008025
77009500 -3008025
26842400 72242625
16267420 -75331815
26842400 -72242625
16267420 75331815
-30604860 70730855
71446375 -28895100
71446375 28895100
-30604860 -70730855
-67759705 36716940
-67759705 -36716940
74126780 21088665
76338585 10579780
-77009500 -3008025
-26842400 72242625
74126780 -21088665
76338585 -10579780
-26842400 -72242625
-77009500 3008025
-71446375 -28895100
-71446375 28895100
61352031 -46641608
4084080 -76959935
61352031 46641608
4084080 76959935
30604860 -70730855
30604860 70730855
2776332 -77018201
2776332 77018201
74891440 -18187455
74891440 18187455
-70267553 31654104
-13615001 75856068
66890265 -38277980
75545756 15243033
66890265 38277980
75545756 -15243033
-76896831 -5136992
-13615001 -75856068
-76896831 5136992
-52732548 -56203111
75222433 16765944
75222433 -16765944
74954748 -17924761
-52732548 56203111
74954748 17924761
-70267553 -31654104
76716576 -7353793
76716576 7353793
-41493465 -64944620
-70756543 30545424
-41493465 64944620
-70756543 -30545424
-75545756 15243033
-75545756 -15243033
-66890265 -38277980
-15977377 -75393864
-66890265 38277980
-75222433 16765944
76384095 10246040
76479000 9511775
76384095 -10246040
76479000 -9511775
-11218215 -76247380
-76777820 -6684135
52732548 56203111
36631344 -67806017
-75222433 -16765944
52732548 -56203111
36631344 67806017
-11218215 76247380
-15977377 75393864
-76777820 6684135
-12756120 76005215
-76716576 -7353793
-76716576 7353793
41493465 -64944620
41493465 64944620
70756543 30545424
-12756120 -76005215
70756543 -30545424
-25830055 72610740
15977377 -75393864
-25830055 -72610740
15977377 75393864
44407961 62987652
-11722913 -76171416
-44851807 -62672376
44407961 -62987652
-44851807 62672376
-76479000 -9511775
-70916716 30171687
-76479000 9511775
27059617 -72161544
27059617 72161544
-11722913 76171416
75436192 15776319
75436192 -15776319
-70916716 -30171687
-47476920 -60707935
68824743 -34679476
68824743 34679476
-28073305 71773260
-75436192 15776319
52260391 -56642412
52260391 56642412
-28073305 -71773260
35042113 68640816
35042113 -68640816
12756120 76005215
-47476920 60707935
12756120 -76005215
57297968 51540801
57297968 -51540801
25830055 -72610740
-23359960 73442655
25830055 72610740
44851807 -62672376
44851807 62672376
13615001 75856068
13615001 -75856068
-70459840 -31223745
-23359960 -73442655
70267553 31654104
70916716 30171687
70267553 -31654104
-70459840 31223745
70916716 -30171687
47476920 60707935
47476920 -60707935
-68824743 -34679476
-68824743 34679476
-52260391 -56642412
-52260391 56642412
-31654104 -70267553
25221540 72824345
15477735 75498020
25221540 -72824345
15477735 -75498020
-31654104 70267553
-70942040 -30112095
-70942040 30112095
-31809375 -70197400
70459840 31223745
-76976991 -3748888
-77058568 -1220001
70459840 -31223745
-31809375 70197400
-76976991 3748888
-77058568 1220001
-42028505 -64599660
-70730855 -30604860
-70730855 30604860
28733016 -71511713
28733016 71511713
-42028505 64599660
-72325695 -26617760
-72325695 26617760
48425520 59953985
48425520 -59953985
-25221540 -72824345
-38221768 -66922401
-38221768 66922401
-25221540 72824345
73685665 22581720
73685665 -22581720
76535745 9043840
76535745 -9043840
64506585 -42171220
75498020 -15477735
64506585 42171220
75498020 15477735
42028505 -64599660
70730855 -30604860
42028505 64599660
70730855 30604860
-70197400 31809375
28073305 -71773260
28073305 71773260
-76535745 9043840
-33801625 69260100
-20080196 -74406297
-70197400 -31809375
-33801625 -69260100
-20080196 74406297
38221768 -66922401
38221768 66922401
-73685665 22581720
-36631344 67806017
-73685665 -22581720
-75498020 15477735
-51540801 -57297968
-76535745 -9043840
-36631344 -67806017
-75498020 -15477735
73288916 23837913
73288916 -23837913
-51540801 57297968
57681000 -51111775
66937625 38195100
57681000 51111775
66937625 -38195100
-2768025 77018500
1721980 -77048985
1721980 77048985
70197400 -31809375
20080196 74406297
70197400 31809375
20080196 -74406297
33801625 69260100
33801625 -69260100
-2768025 -77018500
-46189119 -61693408
31654104 70267553
31654104 -70267553
-76593959 -8536788
-76593959 8536788
-46189119 61693408
-74954748 -17924761
-74954748 17924761
-28733016 71511713
-66937625 38195100
-28733016 -71511713
-66937625 -38195100
-57681000 -51111775
-57681000 51111775
72325695 26617760
72325695 -26617760
-41062463 65217984
-75907905 -13322960
-41062463 -65217984
46189119 61693408
76593959 -8536788
46189119 -61693408
76593959 8536788
-74891440 18187455
-54959652 -54027289
-50505000 58213025
-54959652 54027289
-50505000 -58213025
-58327399 50372868
-74891440 -18187455
-58327399 -50372868
-76999780 -3247335
-77048985 -1721980
-76999780 3247335
-77048985 1721980
-75907905 13322960
-29641625 -71139900
41062463 -65217984
75907905 13322960
41062463 65217984
75907905 -13322960
-76806561 6345352
-29641625 71139900
-75954151 13056732
-75954151 -13056732
-76806561 -6345352
54959652 54027289
54959652 -54027289
-73288916 23837913
50505000 -58213025
-73288916 -23837913
50505000 58213025
-1721980 77048985
58327399 -50372868
58327399 50372868
-1721980 -77048985
29641625 -71139900
25377625 -72770100
29641625 71139900
25377625 72770100
70529976 -31064993
-72902375 -24995100
70529976 31064993
-71784440 28044705
-71784440 -28044705
72610740 -25830055
72610740 25830055
-72902375 24995100
-64506585 42171220
75954151 13056732
-41486460 64949095
75954151 -13056732
-41486460 -64949095
-64506585 -42171220
76933025 -4563000
76933025 4563000
-72610740 25830055
-25377625 -72770100
-70529976 -31064993
-70529976 31064993
71784440 28044705
-25377625 72770100
71784440 -28044705
-72610740 -25830055
41486460 64949095
76976991 3748888
77058568 1220001
41486460 -64949095
76976991 -3748888
77058568 -1220001
-76933025 4563000
-76933025 -4563000
-26617760 -72325695
41265503 -65089704
77066535 510380
41265503 65089704
77066535 -510380
68931647 -34466496
68931647 34466496
54362420 -54628185
54362420 54628185
-59802785 -48612120
50192272 -58482879
60497892 47744281
50192272 58482879
60497892 -47744281
73010535 -24677380
-59802785 48612120
73010535 24677380
72556260 25982695
72556260 -25982695
-41915672 -64672929
72902375 24995100
72902375 -24995100
-41915672 64672929
12252500 -76088025
2193191 -77037012
-77066535 -510380
-41265503 -65089704
12252500 76088025
2193191 77037012
-50192272 58482879
-41265503 65089704
-77066535 510380
-68931647 -34466496
-68931647 34466496
-54362420 -54628185
-54362420 54628185
51842388 -57025241
-60497892 -47744281
51842388 57025241
-50192272 -58482879
-60497892 47744281
-73010535 -24677380
28511756 71600217
-73010535 24677380
28511756 -71600217
-45127860 -62473895
76806561 -6345352
76806561 6345352
-4563000 -76933025
-4563000 76933025
-45127860 62473895
-63737505 43324840
74262591 -20605312
74262591 20605312
-76406975 10074000
-76406975 -10074000
0 77068225
0 -77068225
-39389337 -66241916
14249292 75739481
14249292 -75739481
-63737505 -43324840
-35553375 -68377400
-28511756 71600217
-39389337 66241916
-35553375 68377400
-28511756 -71600217
62950320 44460865
62950320 -44460865
45127860 62473895
45127860 -62473895
4563000 -76933025
4563000 76933025
-74262591 20605312
-23069204 -73534503
-74262591 -20605312
-23069204 73534503
76406975 10074000
76406975 -10074000
76999780 -3247335
77048985 -1721980
76999780 3247335
77048985 1721980
63737505 -43324840
35553375 -68377400
63737505 43324840
35553375 68377400
-18412680 74836385
-18412680 -74836385
-62950320 44460865
-62950320 -44460865
74449180 -19920615
74449180 19920615
-41889900 -64689625
64949095 41486460
-41889900 64689625
64949095 -41486460
23069204 -73534503
-74712807 -18907876
23069204 73534503
-73534503 23069204
-73534503 -23069204
-1382049 -77055832
-74712807 18907876
69009625 -34310100
69009625 34310100
-76669320 -7831135
38686375 -66654900
38686375 66654900
-76669320 7831135
44603495 62849340
44603495 -62849340
-1382049 77055832
74254375 -20634900
74254375 20634900
51540801 -57297968
51540801 57297968
41889900 64689625
75856068 13615001
41889900 -64689625
-64949095 41486460
75856068 -13615001
-64949095 -41486460
3986892 -76965031
3986892 76965031
72713817 -25538444
72713817 25538444
-38686375 -66654900
-14249292 75739481
-38686375 66654900
-14249292 -75739481
-44603495 -62849340
-5946252 -76838489
-44603495 62849340
-5946252 76838489
-74254375 20634900
-76627135 8233680
-76627135 -8233680
-74254375 -20634900
41915672 64672929
41915672 -64672929
-3986892 76965031
-2193191 -77037012
-2193191 77037012
-75856068 -13615001
-5780289 -76851152
-75856068 13615001
-3986892 -76965031
-5780289 76851152
-72713817 -25538444
-29169855 71334640
-72713817 25538444
73783655 -22259460
73783655 22259460
-29169855 -71334640
5946252 76838489
5946252 -76838489
26617760 -72325695
26617760 72325695
76627135 8233680
76627135 -8233680
-15477735 -75498020
70942040 -30112095
70942040 30112095
-15477735 75498020
-74449180 -19920615
31809375 70197400
-74449180 19920615
5780289 -76851152
31809375 -70197400
5780289 76851152
74712807 18907876
74712807 -18907876
59802785 48612120
73534503 23069204
1382049 77055832
59802785 -48612120
73534503 -23069204
1382049 -77055832
-73783655 -22259460
-73783655 22259460
76669320 7831135
76669320 -7831135
-72556260 25982695
-48425520 -59953985
-26617760 72325695
-72556260 -25982695
-48425520 59953985
30112095 -70942040
30112095 70942040
-40600729 65506428
-40600729 -65506428
-11085096 -76266847
53496820 55476135
53496820 -55476135
9606495 -76467160
9606495 76467160
-44986080 62576065
-44986080 -62576065
-31223745 -70459840
-76719500 -7323225
74612476 19299993
74612476 -19299993
-11085096 76266847
-76719500 7323225
21088665 -74126780
5476185 76873420
21088665 74126780
5476185 -76873420
13056732 75954151
13056732 -75954151
11085096 76266847
11085096 -76266847
-53496820 55476135
-53496820 -55476135
44986080 -62576065
44986080 62576065
77055832 -1382049
77055832 1382049
-21088665 -74126780
14514760 -75689055
14514760 75689055
-75764240 14117055
-10881728 76296129
-21088665 74126780
-10881728 -76296129
-40719384 65432737
-40719384 -65432737
-22130625 73822400
76873420 -5476185
76873420 5476185
22130625 -73822400
22130625 73822400
-60624964 -47582823
-9511775 76479000
-75764240 -14117055
-9511775 -76479000
38693564 66650727
-77055832 1382049
38693564 -66650727
-60624964 47582823
-77055832 -1382049
-34621640 -68853855
-30112095 70942040
74836385 -18412680
-30112095 -70942040
74836385 18412680
-34621640 68853855
-9606495 76467160
-9606495 -76467160
60624964 47582823
76161540 11786905
60624964 -47582823
76161540 -11786905
75764240 14117055
-38693564 66650727
75764240 -14117055
-38693564 -66650727
76719500 7323225
76719500 -7323225
69218180 -33887385
69218180 33887385
15081020 -75578265
15081020 75578265
34621640 68853855
34621640 -68853855
58546215 -50118380
58546215 50118380
58018220 50728665
58018220 -50728665
-13949520 75795265
-13949520 -75795265
-69218180 33887385
-69218180 -33887385
40719384 65432737
-75429900 -15806375
40719384 -65432737
-58546215 50118380
-75429900 15806375
17457895 75064860
-58546215 -50118380
17457895 -75064860
-58018220 -50728665
-54837000 54151775
-58018220 50728665
74569625 -19464900
74569625 19464900
-54837000 -54151775
13949520 -75795265
9511775 -76479000
13949520 75795265
9511775 76479000
20605312 74262591
-5476185 -76873420
-46648225 61347000
20605312 -74262591
50728665 58018220
50728665 -58018220
-53518920 -55454815
-5476185 76873420
48375132 59994649
-53518920 55454815
48375132 -59994649
-13056732 75954151
57186521 -51664428
-13056732 -75954151
57186521 51664428
-46648225 -61347000
-63280360 43989855
54628185 54362420
54628185 -54362420
-74569625 -19464900
54837000 54151775
54837000 -54151775
-63280360 -43989855
-53150500 -55808025
-53150500 55808025
-74569625 19464900
-20605312 74262591
-20605312 -74262591
-15081020 75578265
-50728665 -58018220
-15081020 -75578265
-50728665 58018220
-48375132 -59994649
-57186521 51664428
-48375132 59994649
-57186521 -51664428
46648225 61347000
46648225 -61347000
-54628185 54362420
-54628185 -54362420
63280360 -43989855
63280360 43989855
53150500 -55808025
53150500 55808025
68853855 34621640
-21096660 74124505
74771367 18674956
68853855 -34621640
74771367 -18674956
-74406297 20080196
-21096660 -74124505
-74406297 -20080196
10713025 -76320000
1691280 77049665
10713025 76320000
1691280 -77049665
-63548225 -43602000
-18970640 -74696895
-18970640 74696895
-75689055 -14514760
-75689055 14514760
-60207480 -48109985
-47582823 -60624964
-63548225 43602000
-47582823 60624964
36294492 67986919
-60207480 48109985
36294492 -67986919
-56361500 52563225
-10713025 76320000
75393864 -15977377
-56361500 -52563225
75393864 15977377
62672376 44851807
62672376 -44851807
-65983905 39820040
-1691280 77049665
53518920 55454815
-1691280 -77049665
53518920 -55454815
63548225 43602000
63548225 -43602000
-65983905 -39820040
71600217 28511756
71600217 -28511756
18970640 74696895
18970640 -74696895
-62672376 44851807
60207480 48109985
47582823 -60624964
26146023 72497564
60207480 -48109985
47582823 60624964
26146023 -72497564
56361500 -52563225
56361500 52563225
19464900 74569625
19464900 -74569625
-62672376 -44851807
66803295 38429560
66803295 -38429560
62077761 45671248
62077761 -45671248
-47022560 61060545
76125735 -12015980
76125735 12015980
3008025 77009500
-47022560 -61060545
3008025 -77009500
69511224 -33282143
72382600 -26462625
75429900 15806375
69511224 33282143
-71600217 28511756
72382600 26462625
75429900 -15806375
-71600217 -28511756
-19464900 -74569625
77031975 2363500
77031975 -2363500
-19464900 74569625
-66803295 -38429560
-68853855 -34621640
-74771367 -18674956
-3008025 77009500
-62077761 -45671248
-66803295 38429560
-68853855 34621640
-74771367 18674956
-69511224 33282143
74406297 -20080196
74406297 20080196
-76125735 -12015980
47022560 -61060545
-76125735 12015980
-3008025 -77009500
47022560 61060545
-10713025 -76320000
-69511224 -33282143
75689055 -14514760
75689055 14514760
-75393864 15977377
-75393864 -15977377
-77031975 -2363500
-62077761 45671248
-77031975 2363500
-74836385 -18412680
-74836385 18412680
10419220 76360665
-71139900 29641625
10419220 -76360665
-71139900 -29641625
24511760 73066305
24511760 -73066305
37221580 -67483815
37221580 67483815
-76161540 -11786905
-76161540 11786905
68110176 36062657
68110176 -36062657
-18187455 -74891440
-18187455 74891440
-14514760 -75689055
10881728 76296129
10881728 -76296129
-14514760 75689055
77061120 1046465
77061120 -1046465
-24511760 -73066305
-22130625 -73822400
-24511760 73066305
10246040 -76384095
10246040 76384095
-68110176 36062657
-68110176 -36062657
2768025 -77018500
2768025 77018500
18187455 74891440
-32177600 70029375
18187455 -74891440
41743104 64784447
41743104 -64784447
65983905 39820040
65983905 -39820040
-77061120 1046465
-77061120 -1046465
-26146023 -72497564
-10246040 76384095
63412415 43799280
63412415 -43799280
-26146023 72497564
-10246040 -76384095
-41743104 64784447
32177600 70029375
32177600 -70029375
-55687359 53276912
-41743104 -64784447
21096660 -74124505
-55687359 -53276912
21096660 74124505
-10419220 -76360665
71139900 29641625
71139900 -29641625
-10419220 76360665
40600729 -65506428
40600729 65506428
-37221580 67483815
-37221580 -67483815
-74612476 19299993
-32177600 -70029375
-74612476 -19299993
-76959935 4084080
-69613804 -33067047
-76959935 -4084080
-69613804 33067047
68597360 -35127105
68597360 35127105
-34044255 69141160
71511713 28733016
-34044255 -69141160
71511713 -28733016
-70029375 -32177600
-70029375 32177600
-17628065 75025080
13786975 -75825000
13786975 75825000
-47744281 -60497892
39820040 -65983905
39820040 65983905
36773856 -67728833
-74571724 19456857
-17628065 -75025080
36773856 67728833
-47744281 60497892
-74571724 -19456857
69613804 33067047
-44407961 62987652
69613804 -33067047
-16275545 -75330060
-44407961 -62987652
-16275545 75330060
11722913 76171416
11722913 -76171416
34044255 -69141160
34044255 69141160
70029375 -32177600
70029375 32177600
62654500 44876775
26462625 72382600
62654500 -44876775
26462625 -72382600
-13786975 75825000
-63412415 43799280
-63412415 -43799280
-13786975 -75825000
47744281 60497892
-24222484 73162713
47744281 -60497892
-24222484 -73162713
17628065 75025080
-36773856 -67728833
17628065 -75025080
-36773856 67728833
46641608 -61352031
46641608 61352031
-28044705 71784440
16275545 -75330060
16275545 75330060
-53156519 55802292
-76384095 10246040
-53156519 -55802292
-76384095 -10246040
6280820 76811865
6280820 -76811865
-28044705 -71784440
-62654500 -44876775
-62654500 44876775
-44876775 62654500
-44876775 -62654500
24222484 -73162713
24222484 73162713
-71511713 28733016
-66136668 39565799
-66136668 -39565799
53156519 55802292
53156519 -55802292
-68597360 -35127105
-6280820 76811865
-68597360 35127105
-6280820 -76811865
-71511713 -28733016
28044705 71784440
28044705 -71784440
59005232 49577151
59005232 -49577151
76171416 11722913
76171416 -11722913
-74494160 19751745
-50118380 -58546215
-74494160 -19751745
-50118380 58546215
8536788 -76593959
8536788 76593959
76405888 10082241
76405888 -10082241
-59005232 49577151
-76360665 10419220
-76360665 -10419220
73831212 22101209
-54266975 -54723000
73831212 -22101209
-54266975 54723000
-59005232 -49577151
-74947600 -17954625
-56636775 52266500
-56636775 -52266500
-74947600 17954625
-46641608 -61352031
50118380 -58546215
74494160 -19751745
50118380 58546215
74494160 19751745
-72382600 26462625
-3247335 76999780
-72382600 -26462625
-3247335 -76999780
-10579780 -76338585
-46641608 61352031
-10579780 76338585
54266975 -54723000
-73831212 -22101209
54266975 54723000
-73831212 22101209
76885640 5301855
76885640 -5301855
74947600 17954625
74947600 -17954625
56636775 52266500
56636775 -52266500
-76223620 11378535
-76223620 -11378535
3247335 -76999780
3247335 76999780
10579780 76338585
10579780 -76338585
-23745345 73318960
-23745345 -73318960
-76885640 -5301855
-76885640 5301855
30171687 70916716
30171687 -70916716
-8536788 76593959
76959935 -4084080
76959935 4084080
-76405888 10082241
-8536788 -76593959
76223620 11378535
-76405888 -10082241
76223620 -11378535
76360665 10419220
76360665 -10419220
-36294492 67986919
-36294492 -67986919
-39820040 65983905
-39820040 -65983905
-30171687 -70916716
-30171687 70916716
-45831617 61959456
-42989505 -63964160
-18907876 -74712807
15712935 75449420
15712935 -75449420
-43799280 63412415
-18907876 74712807
62378855 45259140
25921727 72578064
62378855 -45259140
25921727 -72578064
-76320000 -10713025
-76320000 10713025
65089704 -41265503
-75597249 -14985568
65089704 41265503
63871839 -43126552
63871839 43126552
-43799280 -63412415
45831617 -61959456
20634900 74254375
45831617 61959456
20634900 -74254375
-65089704 41265503
-62378855 -45259140
-25921727 -72578064
-62378855 45259140
-25921727 72578064
75597249 14985568
-76652353 7995504
-65089704 -41265503
75597249 -14985568
23745345 -73318960
23745345 73318960
-75597249 14985568
-76652353 -7995504
-54151775 54837000
-54151775 -54837000
12282816 -76083137
12282816 76083137
-45831617 -61959456
-64018396 -42908697
-64018396 42908697
75133344 17160767
75133344 -17160767
73967340 -21641255
-66397240 -39126945
73967340 21641255
-66397240 39126945
-68780895 -34766360
-3582631 -76984908
-62576065 -44986080
44738148 62753561
76652353 -7995504
44738148 -62753561
-68780895 34766360
76652353 7995504
-3582631 76984908
-75133344 17160767
-6853860 76762855
-6853860 -76762855
42989505 63964160
42989505 -63964160
64018396 -42908697
64018396 42908697
76320000 -10713025
76320000 10713025
-73967340 21641255
66397240 -39126945
66397240 39126945
-73967340 -21641255
-62576065 44986080
62576065 -44986080
62576065 44986080
-44738148 62753561
-44738148 -62753561
67806017 -36631344
67806017 36631344
43799280 63412415
43799280 -63412415
-42989505 63964160
-61060545 47022560
66136668 39565799
66136668 -39565799
69469140 33369895
69469140 -33369895
48109985 60207480
48109985 -60207480
-76171416 -11722913
-76171416 11722913
61060545 -47022560
76679148 -7734311
61060545 47022560
76679148 7734311
-45399500 -62276775
-48109985 60207480
-45399500 62276775
-75133344 -17160767
-24995100 72902375
-48109985 -60207480
-24995100 -72902375
68780895 34766360
-76873420 5476185
3582631 76984908
68780895 -34766360
3582631 -76984908
-76873420 -5476185
-6345352 -76806561
-6345352 76806561
-76679148 7734311
44876775 62654500
44876775 -62654500
6853860 76762855
-61060545 -47022560
-76679148 -7734311
6853860 -76762855
45399500 62276775
45399500 -62276775
-40173120 65769535
73634625 22747600
73634625 -22747600
24995100 72902375
24995100 -72902375
-26462625 -72382600
32612840 -69827745
32612840 69827745
40173120 -65769535
40173120 65769535
54151775 54837000
54151775 -54837000
-26462625 72382600
59994649 -48375132
59994649 48375132
18907876 74712807
18907876 -74712807
-15712935 75449420
-15712935 -75449420
-31223745 70459840
-73634625 -22747600
-69469140 -33369895
-63871839 43126552
-69469140 33369895
-63871839 -43126552
-32612840 -69827745
-32612840 69827745
-59994649 48375132
-40173120 -65769535
-73634625 22747600
-20634900 74254375
31223745 -70459840
31223745 70459840
-20634900 -74254375
74571724 -19456857
-59994649 -48375132
74571724 19456857
67169980 37784985
-55454815 -53518920
67169980 -37784985
-55454815 53518920
63275615 -43996680
63275615 43996680
69081625 -34164900
69081625 34164900
30545424 -70756543
30545424 70756543
15243033 75545756
-37072295 67565940
15243033 -75545756
-37072295 -67565940
56960985 51912980
56960985 -51912980
21579103 -73985496
-14421000 75706975
21579103 73985496
-26302536 72440927
12583740 -76033945
-58213025 -50505000
12583740 76033945
-68640816 35042113
-58213025 50505000
-68640816 -35042113
-26302536 -72440927
-14421000 -75706975
-62276775 45399500
-42171220 -64506585
-62276775 -45399500
-42171220 64506585
-69081625 34164900
9779865 -76445180
-73086873 -24450364
9779865 76445180
-40859585 65345280
-73086873 24450364
-69081625 -34164900
-43996680 -63275615
-30545424 -70756543
-43996680 63275615
-15243033 -75545756
37072295 67565940
37072295 -67565940
-15243033 75545756
58213025 -50505000
58213025 50505000
-24450364 -73086873
52387815 56524580
-24450364 73086873
52387815 -56524580
-30545424 70756543
-46883980 61167015
40859585 -65345280
40859585 65345280
-46883980 -61167015
66650727 38693564
33369895 -69469140
66650727 -38693564
33369895 69469140
-62849340 -44603495
73086873 -24450364
73086873 24450364
70596903 30912596
76536720 9035585
-62849340 44603495
70596903 -30912596
76536720 -9035585
43996680 -63275615
43996680 63275615
30384900 70825625
30384900 -70825625
64819495 41688660
74207393 20803224
-11378535 -76223620
64819495 -41688660
74207393 -20803224
-11378535 76223620
14985568 -75597249
75994471 -12819972
14985568 75597249
75994471 12819972
24450364 -73086873
6345352 76806561
24450364 73086873
6345352 -76806561
-67340064 -37481023
-40859585 -65345280
72770100 25377625
-68487560 35340705
72770100 -25377625
-68487560 -35340705
55454815 -53518920
-49000679 59484828
-66650727 -38693564
-67169980 -37784985
55454815 53518920
62849340 44603495
-49000679 -59484828
62849340 -44603495
-66650727 38693564
-67169980 37784985
-76536720 -9035585
-76536720 9035585
-68720100 34886375
-56960985 51912980
-56960985 -51912980
11378535 76223620
-68720100 -34886375
11378535 -76223620
-14985568 75597249
-75994471 12819972
-37339327 67418736
-21579103 -73985496
-37339327 -67418736
-21579103 73985496
-14985568 -75597249
-75994471 -12819972
-12583740 -76033945
-12583740 76033945
76965031 3986892
77061972 981721
76965031 -3986892
77061972 -981721
-72770100 -25377625
-62987652 -44407961
-62987652 44407961
14421000 -75706975
-72770100 25377625
14421000 75706975
49000679 -59484828
49000679 59484828
-67806017 36631344
-53691000 -55288225
-53691000 55288225
65217984 -41062463
38277980 66890265
65217984 41062463
38277980 -66890265
-26588940 -72336295
41007655 65252460
68720100 -34886375
-26588940 72336295
41007655 -65252460
68720100 34886375
64784447 41743104
64784447 -41743104
37339327 67418736
37339327 -67418736
-65217984 41062463
-67806017 -36631344
55476135 53496820
62987652 -44407961
55476135 -53496820
62987652 44407961
-33369895 -69469140
-33369895 69469140
53691000 -55288225
53691000 55288225
-38277980 66890265
-38277980 -66890265
-65217984 -41062463
-41007655 -65252460
-41007655 65252460
-64784447 -41743104
-64784447 41743104
6684135 76777820
6684135 -76777820
-55476135 -53496820
-55476135 53496820
-9779865 -76445180
22352616 -73755487
-9779865 76445180
22352616 73755487
-62753561 44738148
45996639 61837048
-806975 -77064000
45996639 -61837048
-62753561 -44738148
-806975 77064000
-6684135 -76777820
58808620 49810215
58808620 -49810215
-6684135 76777820
46883980 -61167015
46883980 61167015
-63275615 43996680
-63275615 -43996680
-22352616 -73755487
-22352616 73755487
-45996639 -61837048
62753561 -44738148
806975 77064000
62753561 44738148
806975 -77064000
-45996639 61837048
-58808620 -49810215
-58808620 49810215
51111775 57681000
-71954623 -27605136
-57025241 51842388
51111775 -57681000
-48612120 59802785
-48612120 -59802785
-71954623 27605136
-77018500 -2768025
-77036775 -2201500
-57025241 -51842388
-77018500 2768025
-77036775 2201500
-59117500 49443225
-59117500 -49443225
-981721 -77061972
-981721 77061972
76998480 -3278015
77049665 -1691280
76998480 3278015
77049665 1691280
59484828 49000679
59484828 -49000679
-51111775 -57681000
71954623 27605136
-72497564 -26146023
-75578265 15081020
-76998480 3278015
-77049665 1691280
71954623 -27605136
-51111775 57681000
-72497564 26146023
-75578265 -15081020
75706975 14421000
75706975 -14421000
-76998480 -3278015
-77049665 -1691280
-67174055 37777740
-67174055 -37777740
-63565593 43576676
-63565593 -43576676
72497564 26146023
72497564 -26146023
73899540 21871655
17954625 -74947600
73899540 -21871655
17954625 74947600
-59631975 -48821500
-59631975 48821500
75578265 -15081020
76083137 -12282816
75578265 15081020
76083137 12282816
-76083137 12282816
-510380 -77066535
-510380 77066535
76467160 9606495
76467160 -9606495
-24230375 -73160100
-24230375 73160100
63565593 -43576676
35340705 68487560
63565593 43576676
35340705 -68487560
-17954625 -74947600
59631975 -48821500
59631975 48821500
59117500 -49443225
510380 77066535
59117500 49443225
510380 -77066535
-17954625 74947600
1556775 -77052500
1556775 77052500
-59484828 49000679
-59484828 -49000679
-31064993 70529976
11282271 -76237928
-31064993 -70529976
11282271 76237928
61959456 45831617
61959456 -45831617
-58482879 -50192272
67986919 36294492
67986919 -36294492
-58482879 50192272
-3748888 -76976991
66922401 38221768
66922401 -38221768
-67340064 37481023
-73899540 -21871655
-3748888 76976991
36716940 67759705
31064993 -70529976
36716940 -67759705
31064993 70529976
-73899540 21871655
-11282271 -76237928
-11282271 76237928
-61959456 45831617
-76467160 9606495
-61959456 -45831617
67340064 37481023
67340064 -37481023
-34317543 -69005924
-76467160 -9606495
-34317543 69005924
58482879 50192272
24230375 73160100
58482879 -50192272
24230375 -73160100
68487560 35340705
68487560 -35340705
49185305 59332260
49185305 -59332260
-45671248 62077761
3748888 76976991
3748888 -76976991
-47983265 -60308520
-45671248 -62077761
-66922401 38221768
-66922401 -38221768
76445180 9779865
-47983265 60308520
76445180 -9779865
61347000 -46648225
61347000 46648225
-36716940 -67759705
-36716940 67759705
-54723000 54266975
-16670940 -75243545
-75706975 14421000
-75706975 -14421000
-16670940 75243545
34317543 69005924
34317543 -69005924
67174055 37777740
67174055 -37777740
-55409831 53565492
-54723000 -54266975
-55409831 -53565492
-49185305 -59332260
47983265 60308520
45671248 -62077761
-49185305 59332260
47983265 -60308520
45671248 62077761
-61347000 46648225
48612120 59802785
48612120 -59802785
-61347000 -46648225
77018500 2768025
77036775 2201500
77018500 -2768025
77036775 -2201500
57025241 51842388
57025241 -51842388
981721 -77061972
981721 77061972
16670940 75243545
16670940 -75243545
68640816 35042113
68640816 -35042113
-67986919 -36294492
26302536 72440927
26302536 -72440927
54723000 54266975
55409831 53565492
54723000 -54266975
55409831 -53565492
-67986919 36294492
55687359 -53276912
55687359 53276912
-51290785 -57521880
-38043216 -67024063
-51290785 57521880
-68221920 -35850815
-54027289 -54959652
51912980 56960985
51912980 -56960985
-54027289 54959652
47976760 -60313695
47976760 60313695
-73338884 -23683737
-38043216 67024063
33282143 69511224
-73338884 23683737
-62135385 45592820
33282143 -69511224
-62135385 -45592820
21871655 73899540
21871655 -73899540
38043216 -67024063
38043216 67024063
54027289 -54959652
54027289 54959652
-47976760 60313695
-75739481 -14249292
-47976760 -60313695
-33282143 69511224
-33282143 -69511224
62135385 45592820
62135385 -45592820
-75739481 14249292
55081180 53903385
55081180 -53903385
76475204 -9542247
76475204 9542247
-69141160 34044255
-61021017 47073844
-76237928 11282271
-61021017 -47073844
-43576676 63565593
-7734311 -76679148
-14451164 75701223
-7734311 76679148
-43576676 -63565593
-14451164 -75701223
-76237928 -11282271
-69141160 -34044255
-55081180 -53903385
-55081180 53903385
-76475204 -9542247
51290785 57521880
-76475204 9542247
51290785 -57521880
5301855 76885640
5301855 -76885640
68221920 35850815
68221920 -35850815
-68221920 35850815
-51912980 -56960985
61021017 -47073844
61021017 47073844
-51912980 56960985
7734311 -76679148
7734311 76679148
43576676 -63565593
43576676 63565593
-21871655 -73899540
76237928 -11282271
76237928 11282271
69141160 -34044255
69141160 34044255
-21871655 73899540
67418736 -37339327
67418736 37339327
-23837913 -73288916
-70526625 31072600
-1556775 -77052500
-23837913 73288916
-1556775 77052500
-43745988 63449191
-70526625 -31072600
-43745988 -63449191
-47606975 60606000
-47606975 -60606000
-1046465 -77061120
14451164 -75701223
14451164 75701223
43745988 -63449191
43745988 63449191
47606975 60606000
47606975 -60606000
-1046465 77061120
-51664428 57186521
-51664428 -57186521
66034137 39736684
66034137 -39736684
-73755487 -22352616
-73755487 22352616
1046465 -77061120
1046465 77061120
-67418736 -37339327
51664428 57186521
-66034137 -39736684
51664428 -57186521
73755487 22352616
-66034137 39736684
73755487 -22352616
-67418736 37339327
70526625 -31072600
70526625 31072600
63964160 -42989505
63964160 42989505
-76851152 -5780289
-76851152 5780289
52141159 56752188
52141159 -56752188
-17160767 75133344
70718655 -30633040
-17160767 -75133344
70718655 30633040
-60707935 -47476920
-60707935 47476920
38429560 66803295
38429560 -66803295
70825625 30384900
70825625 -30384900
69260100 33801625
76851152 -5780289
69260100 -33801625
76851152 5780289
-52141159 -56752188
-70718655 30633040
-49577151 59005232
-49577151 -59005232
-52141159 56752188
-70718655 -30633040
-34886375 68720100
-34886375 -68720100
-38429560 66803295
60707935 -47476920
60707935 47476920
-38429560 -66803295
35398233 -68457844
35398233 68457844
-57840000 50931775
-69260100 -33801625
-69260100 33801625
-17457895 75064860
49577151 59005232
-17457895 -75064860
49577151 -59005232
34886375 -68720100
34886375 68720100
57840000 -50931775
57840000 50931775
-74820889 -18475548
-74820889 18475548
-35398233 68457844
-63964160 -42989505
-63964160 42989505
-35398233 -68457844
72161544 -27059617
26588940 -72336295
72161544 27059617
26588940 72336295
17160767 75133344
17160767 -75133344
23837913 -73288916
23837913 73288916
-57840000 -50931775
73985496 -21579103
-19299993 -74612476
73985496 21579103
74820889 18475548
74820889 -18475548
-19299993 74612476
75449420 15712935
75449420 -15712935
-75330060 -16275545
-75330060 16275545
-72161544 27059617
-72161544 -27059617
-65345280 -40859585
9542247 -76475204
9542247 76475204
-65345280 40859585
69827745 32612840
69827745 -32612840
-75064860 17457895
-10082241 -76405888
-76868792 -5540769
-76965031 3986892
-77061972 981721
-73985496 21579103
-75064860 -17457895
-76965031 -3986892
-77061972 -981721
-76868792 5540769
19299993 74612476
-73985496 -21579103
19299993 -74612476
-76033945 12583740
57521880 51290785
-76033945 -12583740
57521880 -51290785
-74207393 20803224
-25538444 -72713817
-25538444 72713817
-64819495 -41688660
-74207393 -20803224
-9542247 -76475204
-9542247 76475204
-64819495 41688660
35127105 -68597360
-69827745 -32612840
35127105 68597360
76868792 5540769
76868792 -5540769
-76247380 11218215
-76247380 -11218215
-69827745 32612840
42171220 -64506585
42171220 64506585
-70825625 30384900
-75884532 -13455449
62276775 45399500
69787297 32699304
-75884532 13455449
62276775 -45399500
69787297 -32699304
69365100 33585625
-70825625 -30384900
-5540769 -76868792
69365100 -33585625
25538444 72713817
25538444 -72713817
-5540769 76868792
-35127105 68597360
75795265 13949520
75795265 -13949520
-35127105 -68597360
12819972 75994471
12819972 -75994471
75739481 14249292
75739481 -14249292
-56642412 52260391
-68457844 35398233
-56642412 -52260391
16765944 -75222433
76247380 11218215
-68457844 -35398233
16765944 75222433
76247380 -11218215
75884532 -13455449
75884532 13455449
-69787297 -32699304
-75449420 -15712935
75330060 16275545
-69365100 33585625
75330060 -16275545
-75449420 15712935
-69365100 -33585625
5540769 76868792
5540769 -76868792
65345280 40859585
65345280 -40859585
-69787297 32699304
-75795265 -13949520
-10082241 76405888
10082241 -76405888
-75795265 13949520
10082241 76405888
-12819972 75994471
-12819972 -75994471
75064860 17457895
75064860 -17457895
73338884 -23683737
73338884 23683737
56642412 -52260391
-16765944 75222433
56642412 52260391
-57521880 51290785
-57521880 -51290785
68457844 -35398233
76033945 12583740
68457844 35398233
-16765944 -75222433
76033945 -12583740
-5772000 -76851775
7831135 -76669320
7831135 76669320
10074000 76406975
10074000 -76406975
-65506428 -40600729
-65506428 40600729
52266500 56636775
34766360 -68780895
52266500 -56636775
34766360 68780895
74696895 -18970640
74696895 18970640
-75793760 13957695
-71773260 28073305
-10074000 -76406975
-71773260 -28073305
-27067400 -72158625
-27067400 72158625
76005215 -12756120
76005215 12756120
-52266500 -56636775
6041420 -76831065
6041420 76831065
-74696895 18970640
-52266500 56636775
-74696895 -18970640
43126552 -63871839
43126552 63871839
-10074000 76406975
-42590559 64230488
75793760 13957695
-42590559 -64230488
75793760 -13957695
-55808025 -53150500
75025080 17628065
-75643455 14750560
-55808025 53150500
75025080 -17628065
-75643455 -14750560
32916624 69685057
32916624 -69685057
-38195100 -66937625
-38195100 66937625
22101209 -73831212
22101209 73831212
68377400 -35553375
68377400 35553375
-45779545 -61997940
-45779545 61997940
-43126552 63871839
52563225 56361500
52563225 -56361500
-43126552 -63871839
42590559 -64230488
-75793760 -13957695
42590559 64230488
5772000 -76851775
5772000 76851775
55808025 53150500
55808025 -53150500
-75025080 -17628065
-75025080 17628065
-32916624 -69685057
-22101209 73831212
-32916624 69685057
38195100 -66937625
38195100 66937625
-22101209 -73831212
-68377400 -35553375
-34766360 -68780895
45779545 -61997940
45779545 61997940
72158625 27067400
72158625 -27067400
-52563225 -56361500
-68377400 35553375
-34766360 68780895
-5772000 76851775
-52563225 56361500
-61693408 -46189119
-76762855 6853860
33585625 69365100
-76762855 -6853860
33585625 -69365100
65522600 -40574625
65522600 40574625
-53565492 55409831
-53565492 -55409831
-77066079 575128
-39736684 66034137
-15806375 75429900
-39736684 -66034137
-72158625 -27067400
-15806375 -75429900
-77066079 -575128
-72158625 27067400
33067047 69613804
33067047 -69613804
-33585625 -69365100
-65522600 -40574625
-33585625 69365100
-65522600 40574625
-13957695 75793760
-13957695 -75793760
53565492 55409831
53565492 -55409831
39736684 66034137
33887385 69218180
39736684 -66034137
33887385 -69218180
39389337 -66241916
39389337 66241916
-33067047 69613804
-33067047 -69613804
-74124505 -21096660
-74124505 21096660
-67254900 37633625
-67254900 -37633625
68001375 36267400
71773260 -28073305
68001375 -36267400
71773260 28073305
27067400 -72158625
27067400 72158625
-12252500 -76088025
-12252500 76088025
-6041420 76831065
-6041420 -76831065
42509415 -64284220
-51842388 -57025241
42509415 64284220
-51842388 57025241
-39126945 -66397240
73494120 -23197535
-39126945 66397240
73494120 23197535
-64284220 -42509415
-64284220 42509415
61693408 46189119
61693408 -46189119
76762855 6853860
76762855 -6853860
67254900 37633625
67254900 -37633625
65506428 40600729
65506428 -40600729
-42509415 -64284220
-42509415 64284220
39126945 66397240
-73494120 23197535
15806375 75429900
39126945 -66397240
15806375 -75429900
-73494120 -23197535
64284220 -42509415
64284220 42509415
-61693408 46189119
56203111 52732548
56203111 -52732548
53903385 55081180
53903385 -55081180
-14750560 75643455
9043840 76535745
9043840 -76535745
-64599660 42028505
-55802292 53156519
-64599660 -42028505
64944620 41493465
17924761 -74954748
-55802292 -53156519
64944620 -41493465
17924761 74954748
-47073844 61021017
22747600 73634625
-47073844 -61021017
-45259140 -62378855
22747600 -73634625
-45259140 62378855
14750560 75643455
14750560 -75643455
-56203111 -52732548
-53903385 -55081180
74124505 -21096660
-56203111 52732548
74124505 21096660
-53903385 55081180
-68001375 36267400
-68001375 -36267400
69814745 32640660
69814745 -32640660
64599660 -42028505
64599660 42028505
-24064417 -73214856
55802292 -53156519
-64944620 -41493465
55802292 53156519
-64944620 41493465
-22747600 73634625
47073844 -61021017
45259140 -62378855
-22747600 -73634625
47073844 61021017
45259140 62378855
-70025904 32185153
-24064417 73214856
-70025904 -32185153
19751745 74494160
19751745 -74494160
-27605136 -71954623
-27760473 71894836
27597375 -71957600
-67728833 -36773856
27597375 71957600
-69814745 -32640660
-49810215 58808620
-69814745 32640660
13957695 -75793760
-49810215 -58808620
-27760473 -71894836
13957695 75793760
-76811865 6280820
-76811865 -6280820
-27605136 71954623
-19751745 -74494160
27605136 71954623
-9043840 -76535745
27605136 -71954623
-9043840 76535745
44460865 62950320
64672929 41915672
67728833 -36773856
44460865 -62950320
64672929 -41915672
67728833 36773856
49810215 -58808620
27760473 -71894836
49810215 58808620
27760473 71894836
-67728833 36773856
76811865 6280820
77066079 -575128
76811865 -6280820
77066079 575128
-14750560 -75643455
-19751745 74494160
-55288225 53691000
37481023 -67340064
37481023 67340064
-64672929 41915672
-44460865 -62950320
-64672929 -41915672
-5301855 -76885640
-5301855 76885640
-55288225 -53691000
37784985 -67169980
37784985 67169980
73066305 -24511760
-44460865 62950320
73066305 24511760
-67565940 37072295
-67565940 -37072295
75643455 -14750560
75643455 14750560
-73066305 24511760
77018201 2776332
77037012 2193191
77018201 -2776332
77037012 -2193191
55288225 53691000
-5136992 -76896831
55288225 -53691000
-31072600 70526625
-22581720 73685665
41688660 -64819495
41688660 64819495
-31072600 -70526625
-73066305 -24511760
-22581720 -73685665
32640660 69814745
32640660 -69814745
67565940 37072295
67565940 -37072295
-76005215 12756120
-77018201 -2776332
-77037012 -2193191
-76005215 -12756120
5136992 76896831
5136992 -76896831
-77018201 2776332
-77037012 2193191
-41688660 64819495
-5136992 76896831
64319912 -42455391
31072600 -70526625
23197535 -73494120
22581720 -73685665
64319912 42455391
-41688660 -64819495
31072600 70526625
23197535 73494120
22581720 73685665
-42908697 -64018396
-32640660 -69814745
-42908697 64018396
70025904 -32185153
-32640660 69814745
70025904 32185153
-7831135 76669320
-7831135 -76669320
-37481023 -67340064
-37481023 67340064
-37784985 -67169980
-17924761 74954748
-23197535 73494120
-17924761 -74954748
-37784985 67169980
-64319912 -42455391
-23197535 -73494120
-64319912 42455391
42908697 64018396
42908697 -64018396
-43324840 63737505
30912596 70596903
-575128 -77066079
30912596 -70596903
-43324840 -63737505
76838489 5946252
76838489 -5946252
-48821500 -59631975
-75701223 -14451164
65769535 40173120
-75701223 14451164
65769535 -40173120
50860095 57903040
-67483815 -37221580
50860095 -57903040
-48821500 59631975
-67483815 37221580
-575128 77066079
-73318960 23745345
-73318960 -23745345
45592820 -62135385
45592820 62135385
-76266847 -11085096
-76266847 11085096
43324840 -63737505
66241916 -39389337
43324840 63737505
66241916 39389337
-71334640 -29169855
-76908000 4966975
-77068225 0
48821500 59631975
-76445180 -9779865
48821500 -59631975
-65769535 40173120
-65769535 -40173120
19920615 -74449180
19920615 74449180
-76445180 9779865
-50860095 -57903040
-50860095 57903040
57411775 51414000
-45592820 62135385
57411775 -51414000
-20803224 -74207393
-20803224 74207393
-45592820 -62135385
76908000 4966975
77068225 0
-76851775 -5772000
76908000 -4966975
-76851775 5772000
-71334640 29169855
76266847 11085096
76266847 -11085096
68932185 -34465420
68932185 34465420
63043680 44328385
63043680 -44328385
4966975 76908000
4966975 -76908000
71334640 29169855
71334640 -29169855
76777820 6684135
-7353793 76716576
76777820 -6684135
-42455391 64319912
-73214856 24064417
-42455391 -64319912
-73214856 -24064417
7353793 76716576
7353793 -76716576
-68932185 34465420
-76908000 -4966975
-57903040 -50860095
-51890280 56981665
60606000 -47606975
34679476 -68824743
60606000 47606975
34679476 68824743
1220001 -77058568
-51890280 -56981665
-68932185 -34465420
1220001 77058568
-55126448 -53857089
-63043680 -44328385
-30912596 -70596903
575128 77066079
-76838489 5946252
575128 -77066079
-55126448 53857089
-63043680 44328385
76896831 -5136992
-57903040 50860095
76896831 5136992
-76838489 -5946252
-30912596 70596903
75701223 -14451164
75701223 14451164
42455391 64319912
42455391 -64319912
-7353793 -76716576
57903040 50860095
-34679476 68824743
57903040 -50860095
-34679476 -68824743
51890280 -56981665
51890280 56981665
55126448 53857089
76296129 10881728
55126448 -53857089
-30633040 70718655
76296129 -10881728
-35340705 -68487560
34465420 -68932185
34465420 68932185
-35340705 68487560
69005924 -34317543
77064000 806975
69005924 34317543
77064000 -806975
-37633625 -67254900
-77064000 806975
-17296908 75102119
-34466496 -68931647
-17296908 -75102119
-37633625 67254900
-73162713 -24222484
-72824345 -25221540
-72824345 25221540
-73162713 24222484
-30633040 -70718655
-76296129 10881728
-76831065 -6041420
-4966975 76908000
-60606000 47606975
-4966975 -76908000
59953985 -48425520
59953985 48425520
-36267400 -68001375
-76831065 6041420
-36267400 68001375
-27597375 -71957600
-27597375 71957600
-34466496 68931647
-77064000 -806975
-76083137 -12282816
37633625 67254900
-1220001 77058568
37633625 -67254900
-56524580 -52387815
-56524580 52387815
34466496 68931647
34466496 -68931647
73822400 22130625
73822400 -22130625
72824345 -25221540
72824345 25221540
-60606000 -47606975
30633040 70718655
30633040 -70718655
-1220001 -77058568
-66241916 39389337
-66241916 -39389337
36267400 -68001375
36267400 68001375
34164900 -69081625
34164900 69081625
28895100 -71446375
28895100 71446375
-64230488 42590559
56524580 -52387815
24064417 -73214856
56524580 52387815
24064417 73214856
-60313695 -47976760
-60313695 47976760
76851775 -5772000
76851775 5772000
-64230488 -42590559
-34465420 68932185
-34465420 -68932185
-34164900 69081625
-28895100 71446375
-34164900 -69081625
18674956 -74771367
-28895100 -71446375
18674956 74771367
60313695 47976760
60313695 -47976760
73162713 24222484
73162713 -24222484
66654900 38686375
66654900 -38686375
-44328385 63043680
9338329 -76500372
9338329 76500372
-58218472 -50498721
36062657 68110176
-58218472 50498721
36062657 -68110176
-36062657 68110176
-19456857 74571724
44328385 -63043680
37777740 -67174055
44328385 63043680
37777740 67174055
-19456857 -74571724
-72336295 26588940
-72336295 -26588940
-66654900 38686375
-66654900 -38686375
77052500 1556775
-71957600 -27597375
77052500 -1556775
58218472 50498721
76500372 -9338329
58218472 -50498721
-35850815 68221920
76500372 9338329
-36062657 -68110176
-35850815 -68221920
-44328385 -63043680
-13551265 75867480
-13551265 -75867480
76831065 6041420
76831065 -6041420
-22259460 73783655
-77052500 1556775
71957600 -27597375
-22259460 -73783655
-77052500 -1556775
-59953985 -48425520
71957600 27597375
-61837048 -45996639
-61837048 45996639
-67024063 -38043216
-32699304 -69787297
-76500372 -9338329
-67024063 38043216
-32699304 69787297
-76500372 9338329
-46240935 -61654580
-33887385 69218180
-46240935 61654580
13322960 -75907905
13322960 75907905
-33887385 -69218180
-73822400 -22130625
13551265 75867480
-59332260 49185305
13551265 -75867480
-59332260 -49185305
-59953985 48425520
-71957600 27597375
-73822400 22130625
-76296129 -10881728
22259460 73783655
22259460 -73783655
61837048 -45996639
61837048 45996639
-69005924 34317543
-9338329 -76500372
67024063 -38043216
32699304 -69787297
-9338329 76500372
67024063 38043216
32699304 69787297
-69005924 -34317543
46240935 61654580
46240935 -61654580
-37777740 67174055
17296908 75102119
-37777740 -67174055
17296908 -75102119
-13322960 -75907905
-13322960 75907905
59332260 49185305
72336295 -26588940
59332260 -49185305
72336295 26588940
-50498721 -58218472
-15776319 -75436192
56981665 51890280
7995504 76652353
56981665 -51890280
-15776319 75436192
7995504 -76652353
59651423 48797736
-14117055 -75764240
59651423 -48797736
73586625 22902400
73586625 -22902400
-14117055 75764240
48797736 -59651423
-50498721 58218472
48797736 59651423
-64689625 41889900
-64689625 -41889900
-73586625 22902400
-22902400 -73586625
-22902400 73586625
50498721 58218472
-48797736 59651423
50498721 -58218472
49443225 59117500
49443225 -59117500
-6519500 76791975
-70596903 -30912596
-6519500 -76791975
-56981665 -51890280
-70596903 30912596
-59651423 -48797736
-30384900 -70825625
14117055 75764240
-56981665 51890280
14117055 -75764240
-59651423 48797736
-30384900 70825625
76984908 -3582631
76984908 3582631
73214856 24064417
-48797736 -59651423
73214856 -24064417
64689625 -41889900
64689625 41889900
21641255 73967340
21641255 -73967340
-49443225 -59117500
-75243545 16670940
6519500 76791975
-49443225 59117500
-23517375 -73392400
-75243545 -16670940
6519500 -76791975
40574625 -65522600
-23517375 73392400
40574625 65522600
-19920615 74449180
-76984908 3582631
-19920615 -74449180
-76984908 -3582631
35850815 68221920
2363500 77031975
77041569 2026808
35850815 -68221920
2363500 -77031975
77041569 -2026808
-57411775 -51414000
20803224 -74207393
-52387815 56524580
20803224 74207393
-52387815 -56524580
69685057 -32916624
-57411775 51414000
69685057 32916624
13455449 -75884532
13455449 75884532
-21641255 -73967340
-77041569 2026808
-21641255 73967340
23517375 -73392400
75243545 -16670940
15776319 75436192
23517375 73392400
75243545 16670940
15776319 -75436192
-7995504 76652353
-7995504 -76652353
-40574625 -65522600
-40574625 65522600
-69685057 32916624
-2363500 77031975
-73586625 -22902400
67483815 37221580
67483815 -37221580
-2363500 -77031975
-77041569 -2026808
73318960 23745345
73318960 -23745345
22902400 -73586625
22902400 73586625
19456857 74571724
-69685057 -32916624
19456857 -74571724
-13455449 -75884532
-13455449 75884532
