77068225
-57297968 -51540801
-57297968 51540801
-73160100 -24230375
-2201500 -77036775
-73160100 24230375
-2201500 77036775
34310100 -69009625
34310100 69009625
-8233680 -76627135
53276912 -55687359
53276912 55687359
-61997940 -45779545
-61997940 45779545
24677380 73010535
24677380 -73010535
61167015 -46883980
61167015 46883980
-8233680 76627135
-65252460 -41007655
75825000 13786975
75825000 -13786975
-65252460 41007655
-65432737 -40719384
-35042113 68640816
8233680 76627135
-76088025 -12252500
8233680 -76627135
-7323225 -76719500
32185153 -70025904
32185153 70025904
61997940 -45779545
-65432737 40719384
61997940 45779545
-76088025 12252500
-7323225 76719500
-24677380 -73010535
-75825000 13786975
29169855 -71334640
29169855 71334640
-24677380 73010535
65252460 41007655
-35042113 -68640816
65252460 -41007655
-39565799 -66136668
-39565799 66136668
-75825000 -13786975
-11786905 -76161540
-11786905 76161540
53857089 -55126448
53857089 55126448
-43989855 -63280360
-43989855 63280360
11218215 76247380
7323225 -76719500
-50372868 58327399
-23683737 -73338884
11218215 -76247380
7323225 76719500
-72242625 -26842400
-50372868 -58327399
-23683737 73338884
56752188 -52141159
56752188 52141159
39565799 -66136668
39565799 66136668
-75331815 -16267420
61654580 46240935
61654580 -46240935
-75331815 16267420
73160100 -24230375
18412680 74836385
2201500 -77036775
73160100 24230375
18412680 -74836385
2201500 77036775
43989855 63280360
43989855 -63280360
72242625 26842400
72242625 -26842400
-53276912 -55687359
50372868 58327399
50372868 -58327399
-53276912 55687359
-69009625 34310100
-56752188 -52141159
-56752188 52141159
-61167015 -46883980
-69009625 -34310100
-72242625 26842400
-61167015 46883980
-61654580 46240935
-61654580 -46240935
12015980 76125735
12015980 -76125735
-43602000 63548225
25982695 72556260
75102119 -17296908
25982695 -72556260
75102119 17296908
-43602000 -63548225
-50931775 57840000
-73392400 -23517375
-50931775 -57840000
-73392400 23517375
-12015980 76125735
-76791975 6519500
51414000 -57411775
72440927 26302536
-76791975 -6519500
-53857089 -55126448
51414000 57411775
72440927 -26302536
-12015980 -76125735
23683737 -73338884
23683737 73338884
43602000 -63548225
43602000 63548225
73392400 23517375
73392400 -23517375
50931775 -57840000
50931775 57840000
75867480 13551265
75867480 -13551265
-53857089 55126448
75331815 16267420
75331815 -16267420
-72440927 26302536
65432737 -40719384
-72440927 -26302536
-51414000 -57411775
65432737 40719384
-18475548 -74820889
-63449191 -43745988
-63449191 43745988
-18475548 74820889
76088025 -12252500
76088025 12252500
-32185153 -70025904
62473895 -45127860
62473895 45127860
-32185153 70025904
-75867480 -13551265
3278015 76998480
3278015 -76998480
-75867480 13551265
-12282816 76083137
71894836 27760473
11786905 76161540
71894836 -27760473
-12282816 -76083137
11786905 -76161540
-51414000 57411775
63449191 -43745988
-34310100 69009625
18475548 74820889
63449191 43745988
18475548 -74820889
-34310100 -69009625
-25982695 -72556260
-75102119 -17296908
-75102119 17296908
-25982695 72556260
-62473895 -45127860
-62473895 45127860
-3278015 -76998480
-3278015 76998480
-71894836 27760473
-71894836 -27760473
-76338585 10579780
-74126780 -21088665
-76338585 -10579780
-74126780 21088665
72578064 -25921727
72578064 25921727
-18674956 74771367
23359960 -73442655
-61352031 -46641608
23359960 73442655
-18674956 -74771367
-4084080 -76959935
-61352031 46641608
-9035585 -76536720
-60308520 47983265
-9035585 76536720
-60308520 -47983265
-4084080 76959935
-2776332 -77018201
-2776332 77018201
-2026808 77041569
-2026808 -77041569
-16267420 75331815
-73442655 -23359960
-73442655 23359960
-27059617 72161544
-16267420 -75331815
-72578064 -25921727
-27059617 -72161544
-75436192 -15776319
9035585 76536720
9035585 -76536720
60308520 47983265
60308520 -47983265
67759705 -36716940
-72578064 25921727
67759705 36716940
64230488 -42590559
2026808 -77041569
64230488 42590559
2026808 77041569
73442655 -23359960
73442655 23359960
76791975 6519500
76791975 -6519500
77009500 3008025
77009500 -3008025
26842400 72242625
16267420 -75331815
26842400 -72242625
16267420 75331815
-30604860 70730855
71446375 -28895100
71446375 28895100
-30604860 -70730855
-67759705 36716940
-67759705 -36716940
74126780 21088665
76338585 10579780
-77009500 -3008025
-26842400 72242625
74126780 -21088665
76338585 -10579780
-26842400 -72242625
-77009500 3008025
-71446375 -28895100
-71446375 28895100
61352031 -46641608
4084080 -76959935
61352031 46641608
4084080 76959935
30604860 -70730855
30604860 70730855
2776332 -77018201
2776332 77018201
74891440 -18187455
74891440 18187455
-70267553 31654104
-13615001 75856068
66890265 -38277980
75545756 15243033
66890265 38277980
75545756 -15243033
-76896831 -5136992
-13615001 -75856068
-76896831 5136992
-52732548 -56203111
75222433 16765944
75222433 -16765944
74954748 -17924761
-52732548 56203111
74954748 17924761
-70267553 -31654104
76716576 -7353793
76716576 7353793
-41493465 -64944620
-70756543 30545424
-41493465 64944620
-70756543 -30545424
-75545756 15243033
-75545756 -15243033
-66890265 -38277980
-15977377 -75393864
-66890265 38277980
-75222433 16765944
76384095 10246040
76479000 9511775
76384095 -10246040
76479000 -9511775
-11218215 -76247380
-76777820 -6684135
52732548 56203111
36631344 -67806017
-75222433 -16765944
52732548 -56203111
36631344 67806017
-11218215 76247380
-15977377 75393864
-76777820 6684135
-12756120 76005215
-76716576 -7353793
-76716576 7353793
41493465 -64944620
41493465 64944620
70756543 30545424
-12756120 -76005215
70756543 -30545424
-25830055 72610740
15977377 -75393864
-25830055 -72610740
15977377 75393864
44407961 62987652
-11722913 -76171416
-44851807 -62672376
44407961 -62987652
-44851807 62672376
-76479000 -9511775
-70916716 30171687
-76479000 9511775
27059617 -72161544
27059617 72161544
-11722913 76171416
75436192 15776319
75436192 -15776319
-70916716 -30171687
-47476920 -60707935
68824743 -34679476
68824743 34679476
-28073305 71773260
-75436192 15776319
52260391 -56642412
52260391 56642412
-28073305 -71773260
35042113 68640816
35042113 -68640816
12756120 76005215
-47476920 60707935
12756120 -76005215
57297968 51540801
57297968 -51540801
25830055 -72610740
-23359960 73442655
25830055 72610740
44851807 -62672376
44851807 62672376
13615001 75856068
13615001 -75856068
-70459840 -31223745
-23359960 -73442655
70267553 31654104
70916716 30171687
70267553 -31654104
-70459840 31223745
70916716 -30171687
47476920 60707935
47476920 -60707935
-68824743 -34679476
-68824743 34679476
-52260391 -56642412
-52260391 56642412
-31654104 -70267553
25221540 72824345
15477735 75498020
25221540 -72824345
15477735 -75498020
-31654104 70267553
-70942040 -30112095
-70942040 30112095
-31809375 -70197400
70459840 31223745
-76976991 -3748888
-77058568 -1220001
70459840 -31223745
-31809375 70197400
-76976991 3748888
-77058568 1220001
-42028505 -64599660
-70730855 -30604860
-70730855 30604860
28733016 -71511713
28733016 71511713
-42028505 64599660
-72325695 -26617760
-72325695 26617760
48425520 59953985
48425520 -59953985
-25221540 -72824345
-38221768 -66922401
-38221768 66922401
-25221540 72824345
73685665 22581720
73685665 -22581720
76535745 9043840
76535745 -9043840
64506585 -42171220
75498020 -15477735
64506585 42171220
75498020 15477735
42028505 -64599660
70730855 -30604860
42028505 64599660
70730855 30604860
-70197400 31809375
28073305 -71773260
28073305 71773260
-76535745 9043840
-33801625 69260100
-20080196 -74406297
-70197400 -31809375
-33801625 -69260100
-20080196 74406297
38221768 -66922401
38221768 66922401
-73685665 22581720
-36631344 67806017
-73685665 -22581720
-75498020 15477735
-51540801 -57297968
-76535745 -9043840
-36631344 -67806017
-75498020 -15477735
73288916 23837913
73288916 -23837913
-51540801 57297968
57681000 -51111775
66937625 38195100
57681000 51111775
66937625 -38195100
-2768025 77018500
1721980 -77048985
1721980 77048985
70197400 -31809375
20080196 74406297
70197400 31809375
20080196 -74406297
33801625 69260100
33801625 -69260100
-2768025 -77018500
-46189119 -61693408
31654104 70267553
31654104 -70267553
-76593959 -8536788
-76593959 8536788
-46189119 61693408
-74954748 -17924761
-74954748 17924761
-28733016 71511713
-66937625 38195100
-28733016 -71511713
-66937625 -38195100
-57681000 -51111775
-57681000 51111775
72325695 26617760
72325695 -26617760
-41062463 65217984
-75907905 -13322960
-41062463 -65217984
46189119 61693408
76593959 -8536788
46189119 -61693408
76593959 8536788
-74891440 18187455
-54959652 -54027289
-50505000 58213025
-54959652 54027289
-50505000 -58213025
-58327399 50372868
-74891440 -18187455
-58327399 -50372868
-76999780 -3247335
-77048985 -1721980
-76999780 3247335
-77048985 1721980
-75907905 13322960
-29641625 -71139900
41062463 -65217984
75907905 13322960
41062463 65217984
75907905 -13322960
-76806561 6345352
-29641625 71139900
-75954151 13056732
-75954151 -13056732
-76806561 -6345352
54959652 54027289
54959652 -54027289
-73288916 23837913
50505000 -58213025
-73288916 -23837913
50505000 58213025
-1721980 77048985
58327399 -50372868
58327399 50372868
-1721980 -77048985
29641625 -71139900
25377625 -72770100
29641625 71139900
25377625 72770100
70529976 -31064993
-72902375 -24995100
70529976 31064993
-71784440 28044705
-71784440 -28044705
72610740 -25830055
72610740 25830055
-72902375 24995100
-64506585 42171220
75954151 13056732
-41486460 64949095
75954151 -13056732
-41486460 -64949095
-64506585 -42171220
76933025 -4563000
76933025 4563000
-72610740 25830055
-25377625 -72770100
-70529976 -31064993
-70529976 31064993
71784440 28044705
-25377625 72770100
71784440 -28044705
-72610740 -25830055
41486460 64949095
76976991 3748888
77058568 1220001
41486460 -64949095
76976991 -3748888
77058568 -1220001
-76933025 4563000
-76933025 -4563000
-26617760 -72325695
41265503 -65089704
77066535 510380
41265503 65089704
77066535 -510380
68931647 -34466496
68931647 34466496
54362420 -54628185
54362420 54628185
-59802785 -48612120
50192272 -58482879
60497892 47744281
50192272 58482879
60497892 -47744281
73010535 -24677380
-59802785 48612120
73010535 24677380
72556260 25982695
72556260 -25982695
-41915672 -64672929
72902375 24995100
72902375 -24995100
-41915672 64672929
12252500 -76088025
2193191 -77037012
-77066535 -510380
-41265503 -65089704
12252500 76088025
2193191 77037012
-50192272 58482879
-41265503 65089704
-77066535 510380
-68931647 -34466496
-68931647 34466496
-54362420 -54628185
-54362420 54628185
51842388 -57025241
-60497892 -47744281
51842388 57025241
-50192272 -58482879
-60497892 47744281
-73010535 -24677380
28511756 71600217
-73010535 24677380
28511756 -71600217
-45127860 -62473895
76806561 -6345352
76806561 6345352
-4563000 -76933025
-4563000 76933025
-45127860 62473895
-63737505 43324840
74262591 -20605312
74262591 20605312
-76406975 10074000
-76406975 -10074000
0 77068225
0 -77068225
-39389337 -66241916
14249292 75739481
14249292 -75739481
-63737505 -43324840
-35553375 -68377400
-28511756 71600217
-39389337 66241916
-35553375 68377400
-28511756 -71600217
62950320 44460865
62950320 -44460865
45127860 62473895
45127860 -62473895
4563000 -76933025
4563000 76933025
-74262591 20605312
-23069204 -73534503
-74262591 -20605312
-23069204 73534503
76406975 10074000
76406975 -10074000
76999780 -3247335
77048985 -1721980
76999780 3247335
77048985 1721980
63737505 -43324840
35553375 -68377400
63737505 43324840
35553375 68377400
-18412680 74836385
-18412680 -74836385
-62950320 44460865
-62950320 -44460865
74449180 -19920615
74449180 19920615
-41889900 -64689625
64949095 41486460
-41889900 64689625
64949095 -41486460
23069204 -73534503
-74712807 -18907876
23069204 73534503
-73534503 23069204
-73534503 -23069204
-1382049 -77055832
-74712807 18907876
69009625 -34310100
69009625 34310100
-76669320 -7831135
38686375 -66654900
38686375 66654900
-76669320 7831135
44603495 62849340
44603495 -62849340
-1382049 77055832
74254375 -20634900
74254375 20634900
51540801 -57297968
51540801 57297968
41889900 64689625
75856068 13615001
41889900 -64689625
-64949095 41486460
75856068 -13615001
-64949095 -41486460
3986892 -76965031
3986892 76965031
72713817 -25538444
72713817 25538444
-38686375 -66654900
-14249292 75739481
-38686375 66654900
-14249292 -75739481
-44603495 -62849340
-5946252 -76838489
-44603495 62849340
-5946252 76838489
-74254375 20634900
-76627135 8233680
-76627135 -8233680
-74254375 -20634900
41915672 64672929
41915672 -64672929
-3986892 76965031
-2193191 -77037012
-2193191 77037012
-75856068 -13615001
-5780289 -76851152
-75856068 13615001
-3986892 -76965031
-5780289 76851152
-72713817 -25538444
-29169855 71334640
-72713817 25538444
73783655 -22259460
73783655 22259460
-29169855 -71334640
5946252 76838489
5946252 -76838489
26617760 -72325695
26617760 72325695
76627135 8233680
76627135 -8233680
-15477735 -75498020
70942040 -30112095
70942040 30112095
-15477735 75498020
-74449180 -19920615
31809375 70197400
-74449180 19920615
5780289 -76851152
31809375 -70197400
5780289 76851152
74712807 18907876
74712807 -18907876
59802785 48612120
73534503 23069204
1382049 77055832
59802785 -48612120
73534503 -23069204
1382049 -77055832
-73783655 -22259460
-73783655 22259460
76669320 7831135
76669320 -7831135
-72556260 25982695
-48425520 -59953985
-26617760 72325695
-72556260 -25982695
-48425520 59953985
30112095 -70942040
30112095 70942040
-40600729 65506428
-40600729 -65506428
-11085096 -76266847
53496820 55476135
53496820 -55476135
9606495 -76467160
9606495 76467160
-44986080 62576065
-44986080 -62576065
-31223745 -70459840
-76719500 -7323225
74612476 19299993
74612476 -19299993
-11085096 76266847
-76719500 7323225
21088665 -74126780
5476185 76873420
21088665 74126780
5476185 -76873420
13056732 75954151
13056732 -75954151
11085096 76266847
11085096 -76266847
-53496820 55476135
-53496820 -55476135
44986080 -62576065
44986080 62576065
77055832 -1382049
77055832 1382049
-21088665 -74126780
14514760 -75689055
14514760 75689055
-75764240 14117055
-10881728 76296129
-21088665 74126780
-10881728 -76296129
-40719384 65432737
-40719384 -65432737
-22130625 73822400
76873420 -5476185
76873420 5476185
22130625 -73822400
22130625 73822400
-60624964 -47582823
-9511775 76479000
-75764240 -14117055
-9511775 -76479000
38693564 66650727
-77055832 1382049
38693564 -66650727
-60624964 47582823
-77055832 -1382049
-34621640 -68853855
-30112095 70942040
74836385 -18412680
-30112095 -70942040
74836385 18412680
-34621640 68853855
-9606495 76467160
-9606495 -76467160
60624964 47582823
76161540 11786905
60624964 -47582823
76161540 -11786905
75764240 14117055
-38693564 66650727
75764240 -14117055
-38693564 -66650727
76719500 7323225
76719500 -7323225
69218180 -33887385
69218180 33887385
15081020 -75578265
15081020 75578265
34621640 68853855
34621640 -68853855
58546215 -50118380
58546215 50118380
58018220 50728665
58018220 -50728665
-13949520 75795265
-13949520 -75795265
-69218180 33887385
-69218180 -33887385
40719384 65432737
-75429900 -15806375
40719384 -65432737
-58546215 50118380
-75429900 15806375
17457895 75064860
-58546215 -50118380
17457895 -75064860
-58018220 -50728665
-54837000 54151775
-58018220 50728665
74569625 -19464900
74569625 19464900
-54837000 -54151775
13949520 -75795265
9511775 -76479000
13949520 75795265
9511775 76479000
20605312 74262591
-5476185 -76873420
-46648225 61347000
20605312 -74262591
50728665 58018220
50728665 -58018220
-53518920 -55454815
-5476185 76873420
48375132 59994649
-53518920 55454815
48375132 -59994649
-13056732 75954151
57186521 -51664428
-13056732 -75954151
57186521 51664428
-46648225 -61347000
-63280360 43989855
54628185 54362420
54628185 -54362420
-74569625 -19464900
54837000 54151775
54837000 -54151775
-63280360 -43989855
-53150500 -55808025
-53150500 55808025
-74569625 19464900
-20605312 74262591
-20605312 -74262591
-15081020 75578265
-50728665 -58018220
-15081020 -75578265
-50728665 58018220
-48375132 -59994649
-57186521 51664428
-48375132 59994649
-57186521 -51664428
46648225 61347000
46648225 -61347000
-54628185 54362420
-54628185 -54362420
63280360 -43989855
63280360 43989855
53150500 -55808025
53150500 55808025
68853855 34621640
-21096660 74124505
74771367 18674956
68853855 -34621640
74771367 -18674956
-74406297 20080196
-21096660 -74124505
-74406297 -20080196
10713025 -76320000
1691280 77049665
10713025 76320000
1691280 -77049665
-63548225 -43602000
-18970640 -74696895
-18970640 74696895
-75689055 -14514760
-75689055 14514760
-60207480 -48109985
-47582823 -60624964
-63548225 43602000
-47582823 60624964
36294492 67986919
-60207480 48109985
36294492 -67986919
-56361500 52563225
-10713025 76320000
75393864 -15977377
-56361500 -52563225
75393864 15977377
62672376 44851807
62672376 -44851807
-65983905 39820040
-1691280 77049665
53518920 55454815
-1691280 -77049665
53518920 -55454815
63548225 43602000
63548225 -43602000
-65983905 -39820040
71600217 28511756
71600217 -28511756
18970640 74696895
18970640 -74696895
-62672376 44851807
60207480 48109985
47582823 -60624964
26146023 72497564
60207480 -48109985
47582823 60624964
26146023 -72497564
56361500 -52563225
56361500 52563225
19464900 74569625
19464900 -74569625
-62672376 -44851807
66803295 38429560
66803295 -38429560
62077761 45671248
62077761 -45671248
-47022560 61060545
76125735 -12015980
76125735 12015980
3008025 77009500
-47022560 -61060545
3008025 -77009500
69511224 -33282143
72382600 -26462625
75429900 15806375
69511224 33282143
-71600217 28511756
72382600 26462625
75429900 -15806375
-71600217 -28511756
-19464900 -74569625
77031975 2363500
77031975 -2363500
-19464900 74569625
-66803295 -38429560
-68853855 -34621640
-74771367 -18674956
-3008025 77009500
-62077761 -45671248
-66803295 38429560
-68853855 34621640
-74771367 18674956
-69511224 33282143
74406297 -20080196
74406297 20080196
-76125735 -12015980
47022560 -61060545
-76125735 12015980
-3008025 -77009500
47022560 61060545
-10713025 -76320000
-69511224 -33282143
75689055 -14514760
75689055 14514760
-75393864 15977377
-75393864 -15977377
-77031975 -2363500
-62077761 45671248
-77031975 2363500
-74836385 -18412680
-74836385 18412680
10419220 76360665
-71139900 29641625
10419220 -76360665
-71139900 -29641625
24511760 73066305
24511760 -73066305
37221580 -67483815
37221580 67483815
-76161540 -11786905
-76161540 11786905
68110176 36062657
68110176 -36062657
-18187455 -74891440
-18187455 74891440
-14514760 -75689055
10881728 76296129
10881728 -76296129
-14514760 75689055
77061120 1046465
77061120 -1046465
-24511760 -73066305
-22130625 -73822400
-24511760 73066305
10246040 -76384095
10246040 76384095
-68110176 36062657
-68110176 -36062657
2768025 -77018500
2768025 77018500
18187455 74891440
-32177600 70029375
18187455 -74891440
41743104 64784447
41743104 -64784447
65983905 39820040
65983905 -39820040
-77061120 1046465
-77061120 -1046465
-26146023 -72497564
-10246040 76384095
63412415 43799280
63412415 -43799280
