71285
6187 71016
6187 -71016
-6187 -71016
-6187 71016
7917 70844
7917 -70844
-7917 -70844
-7917 70844
12236 70227
12236 -70227
-12236 -70227
-12236 70227
18285 68900
18285 -68900
-18285 -68900
-18285 68900
20875 68160
20875 -68160
-20875 -68160
-20875 68160
24196 67053
24196 -67053
-24196 -67053
-24196 67053
25824 66443
25824 -66443
-25824 -66443
-25824 66443
26712 66091
26712 -66091
-26712 -66091
-26712 66091
37660 60525
37660 -60525
-37660 -60525
-37660 60525
42003 57596
42003 -57596
-42003 -57596
-42003 57596
42771 57028
42771 -57028
-42771 -57028
-42771 57028
44149 55968
44149 -55968
-44149 -55968
-44149 55968
48840 51925
48840 -51925
-48840 -51925
-48840 51925
51925 48840
51925 -48840
-51925 -48840
-51925 48840
55968 44149
55968 -44149
-55968 -44149
-55968 44149
57028 42771
57028 -42771
-57028 -42771
-57028 42771
57596 42003
57596 -42003
-57596 -42003
-57596 42003
60525 37660
60525 -37660
-60525 -37660
-60525 37660
66091 26712
66091 -26712
-66091 -26712
-66091 26712
66443 25824
66443 -25824
-66443 -25824
-66443 25824
67053 24196
67053 -24196
-67053 -24196
-67053 24196
68160 20875
68160 -20875
-68160 -20875
-68160 20875
68900 18285
68900 -18285
-68900 -18285
-68900 18285
70227 12236
70227 -12236
-70227 -12236
-70227 12236
70844 7917
70844 -7917
-70844 -7917
-70844 7917
